33020, 33112 ['black [0.8417597926267281]', 'grey [0.11274769585253457]']
33112, 33242 ['black [0.8586051663031625]', 'grey [0.08300504362050164]', 'royal_blue [0.05838979007633588]']
33242, 33268 ['black [0.8918766534391535]', 'grey [0.06510085978835979]']
33268, 33320 ['black [0.8217065363881402]', 'grey [0.11981805929919137]', 'royal_blue [0.05847540431266846]']
33320, 33386 ['black [0.841340618336887]', 'grey [0.10929237739872068]']
33386, 33428 ['black [0.8845296926910299]', 'grey [0.0884437292358804]']
33428, 33532 ['black [0.8304336734693878]', 'grey [0.12288180272108844]']
33532, 33572 ['black [0.8866844512195122]', 'grey [0.08795731707317073]']
33572, 33714 ['black [0.8774731518481519]', 'grey [0.08617132867132866]']
33714, 33768 ['black [0.9007897727272727]', 'grey [0.07732711038961039]']
33768, 33806 ['black [0.8795032051282051]', 'grey [0.08821314102564103]']
33806, 33864 ['black [0.8854842615012106]', 'grey [0.09027769370460048]']
33864, 33922 ['black [0.8554804782082325]', 'grey [0.11100332929782082]']
33922, 34006 ['black [0.845391281512605]', 'grey [0.1055435924369748]']
34006, 34056 ['black [0.8861974789915966]', 'grey [0.0698546918767507]']
34056, 34116 ['black [0.8742710772833724]', 'grey [0.09636563231850118]']
34116, 34154 ['black [0.8535817307692307]', 'grey [0.10325320512820513]']
34154, 34190 ['black [0.884120415057915]', 'grey [0.08820704633204633]']
34190, 34248 ['black [0.8681393765133172]', 'grey [0.09809473365617434]']
34248, 34408 ['black [0.7939515860692103]', 'grey [0.13623863132209404]', 'royal_blue [0.06980978260869565]']
34408, 34452 ['black [0.9198720238095238]', 'grey [0.06214484126984127]']
34452, 34504 ['black [0.7608187331536388]', 'grey [0.17857648247978436]', 'royal_blue [0.06060478436657682]']
34504, 34692 ['black [0.8508165627362055]', 'grey [0.10284013605442177]']
34692, 34906 ['black [0.6731115033222591]', 'royal_blue [0.19353945182724253]', 'grey [0.13334904485049834]']
34906, 35070 ['black [0.6414326298701298]', 'royal_blue [0.22986309523809523]', 'grey [0.12870427489177488]']
35070, 35150 ['black [0.6685311948853615]', 'royal_blue [0.18708994708994708]', 'grey [0.14437885802469136]']
35150, 35280 ['black [0.592940294438386]', 'grey [0.2955602508178844]', 'royal_blue [0.11149945474372955]']
35280, 35746 ['black [0.5307114178647905]', 'grey [0.34023497246864487]', 'royal_blue [0.1290536096665647]']
35746, 36126 ['black [0.5320172478440195]', 'grey [0.3062586707911511]', 'royal_blue [0.1617240813648294]']
36126, 36256 ['black [0.5585434841875682]', 'grey [0.38821428571428573]', 'royal_blue [0.05324223009814613]']
36256, 36302 ['black [0.7616574848024316]', 'grey [0.17932560790273555]', 'royal_blue [0.059016907294832825]']
36302, 36466 ['black [0.6035882034632034]', 'grey [0.2819142316017316]', 'royal_blue [0.11449756493506494]']
36466, 36524 ['black [0.7682657384987893]', 'grey [0.17292221549636805]', 'royal_blue [0.05881204600484261]']
36524, 36558 ['black [0.5648265306122449]', 'grey [0.2989362244897959]', 'royal_blue [0.1362372448979592]']
36558, 36616 ['black [0.7275703692493947]', 'grey [0.19963075060532687]', 'royal_blue [0.07279888014527845]']
36616, 36798 ['black [0.5749041276346604]', 'grey [0.30829234972677594]', 'royal_blue [0.11680352263856363]']
36798, 36856 ['black [0.7402012711864406]', 'grey [0.20511652542372882]', 'royal_blue [0.05468220338983051]']
36856, 36916 ['black [0.5119942915690866]', 'grey [0.3209821428571429]', 'royal_blue [0.1670235655737705]']
36916, 36956 ['black [0.7269381533101046]', 'grey [0.2110866724738676]', 'royal_blue [0.06197517421602788]']
36956, 37008 ['black [0.5571319070080862]', 'grey [0.35849730458221024]', 'royal_blue [0.08437078840970351]']
37008, 37036 ['black [0.7563269704433497]', 'grey [0.18652247536945812]', 'royal_blue [0.057150554187192115]']
37036, 37074 ['black [0.6071783424908425]', 'grey [0.20700320512820514]', 'royal_blue [0.18581845238095238]']
37074, 37112 ['black [0.7582085622710623]', 'grey [0.18704326923076922]', 'royal_blue [0.0547481684981685]']
37112, 37134 ['black [0.615852096273292]', 'grey [0.20896933229813663]', 'royal_blue [0.17517857142857143]']
37134, 37186 ['black [0.7349157681940701]', 'grey [0.20291357816711592]', 'royal_blue [0.062170653638814015]']
37186, 37256 ['black [0.6231702716297787]', 'grey [0.20671843561368208]', 'royal_blue [0.17011129275653925]']
37256, 37286 ['black [0.7734706221198157]', 'grey [0.17036578341013825]', 'royal_blue [0.05616359447004608]']
37286, 37312 ['black [0.7416517857142857]', 'grey [0.1385846560846561]', 'royal_blue [0.1197635582010582]']
37312, 37390 ['black [0.5325898508137432]', 'grey [0.29475926763110305]', 'royal_blue [0.1726508815551537]']
37390, 37556 ['black [0.6847612810094098]', 'grey [0.1911334473909324]', 'royal_blue [0.12410527159965783]']
