1320820 1324500 ['black [0.8417597926267281]', 'grey [0.11274769585253457]']
1324500 1329700 ['black [0.8586051663031625]', 'grey [0.08300504362050164]', 'royal_blue [0.05838979007633588]']
1329700 1330740 ['black [0.8918766534391535]', 'grey [0.06510085978835979]']
1330740 1332820 ['black [0.8217065363881402]', 'grey [0.11981805929919137]', 'royal_blue [0.05847540431266846]']
1332820 1335460 ['black [0.841340618336887]', 'grey [0.10929237739872068]']
1335460 1337100 ['black [0.8845296926910299]', 'grey [0.0884437292358804]']
1337100 1341300 ['black [0.8304336734693878]', 'grey [0.12288180272108844]']
1341300 1342900 ['black [0.8866844512195122]', 'grey [0.08795731707317073]']
1342900 1348540 ['black [0.8774731518481519]', 'grey [0.08617132867132866]']
1348540 1350740 ['black [0.9007897727272727]', 'grey [0.07732711038961039]']
1350740 1352220 ['black [0.8795032051282051]', 'grey [0.08821314102564103]']
1352220 1354540 ['black [0.8854842615012106]', 'grey [0.09027769370460048]']
1354540 1356900 ['black [0.8554804782082325]', 'grey [0.11100332929782082]']
1356900 1360220 ['black [0.845391281512605]', 'grey [0.1055435924369748]']
1360220 1362220 ['black [0.8861974789915966]', 'grey [0.0698546918767507]']
1362220 1364660 ['black [0.8742710772833724]', 'grey [0.09636563231850118]']
1364660 1366140 ['black [0.8535817307692307]', 'grey [0.10325320512820513]']
1366140 1367620 ['black [0.884120415057915]', 'grey [0.08820704633204633]']
1367620 1369940 ['black [0.8681393765133172]', 'grey [0.09809473365617434]']
1369940 1376300 ['black [0.7939515860692103]', 'grey [0.13623863132209404]', 'royal_blue [0.06980978260869565]']
1376300 1378100 ['black [0.9198720238095238]', 'grey [0.06214484126984127]']
1378100 1380140 ['black [0.7608187331536388]', 'grey [0.17857648247978436]', 'royal_blue [0.06060478436657682]']
1380140 1387660 ['black [0.8508165627362055]', 'grey [0.10284013605442177]']
1387660 1396220 ['black [0.6731115033222591]', 'royal_blue [0.19353945182724253]', 'grey [0.13334904485049834]']
1396220 1402820 ['black [0.6414326298701298]', 'royal_blue [0.22986309523809523]', 'grey [0.12870427489177488]']
1402820 1405980 ['black [0.6685311948853615]', 'royal_blue [0.18708994708994708]', 'grey [0.14437885802469136]']
1405980 1411180 ['black [0.592940294438386]', 'grey [0.2955602508178844]', 'royal_blue [0.11149945474372955]']
1411180 1429860 ['black [0.5307114178647905]', 'grey [0.34023497246864487]', 'royal_blue [0.1290536096665647]']
1429860 1445060 ['black [0.5320172478440195]', 'grey [0.3062586707911511]', 'royal_blue [0.1617240813648294]']
1445060 1450220 ['black [0.5585434841875682]', 'grey [0.38821428571428573]', 'royal_blue [0.05324223009814613]']
1450220 1452100 ['black [0.7616574848024316]', 'grey [0.17932560790273555]', 'royal_blue [0.059016907294832825]']
1452100 1458660 ['black [0.6035882034632034]', 'grey [0.2819142316017316]', 'royal_blue [0.11449756493506494]']
1458660 1460980 ['black [0.7682657384987893]', 'grey [0.17292221549636805]', 'royal_blue [0.05881204600484261]']
1460980 1462340 ['black [0.5648265306122449]', 'grey [0.2989362244897959]', 'royal_blue [0.1362372448979592]']
1462340 1464620 ['black [0.7275703692493947]', 'grey [0.19963075060532687]', 'royal_blue [0.07279888014527845]']
1464620 1471940 ['black [0.5749041276346604]', 'grey [0.30829234972677594]', 'royal_blue [0.11680352263856363]']
1471940 1474260 ['black [0.7402012711864406]', 'grey [0.20511652542372882]', 'royal_blue [0.05468220338983051]']
1474260 1476660 ['black [0.5119942915690866]', 'grey [0.3209821428571429]', 'royal_blue [0.1670235655737705]']
1476660 1478260 ['black [0.7269381533101046]', 'grey [0.2110866724738676]', 'royal_blue [0.06197517421602788]']
1478260 1480340 ['black [0.5571319070080862]', 'grey [0.35849730458221024]', 'royal_blue [0.08437078840970351]']
1480340 1481460 ['black [0.7563269704433497]', 'grey [0.18652247536945812]', 'royal_blue [0.057150554187192115]']
1481460 1482980 ['black [0.6071783424908425]', 'grey [0.20700320512820514]', 'royal_blue [0.18581845238095238]']
1482980 1484500 ['black [0.7582085622710623]', 'grey [0.18704326923076922]', 'royal_blue [0.0547481684981685]']
1484500 1485380 ['black [0.615852096273292]', 'grey [0.20896933229813663]', 'royal_blue [0.17517857142857143]']
1485380 1487420 ['black [0.7349157681940701]', 'grey [0.20291357816711592]', 'royal_blue [0.062170653638814015]']
1487420 1490260 ['black [0.6231702716297787]', 'grey [0.20671843561368208]', 'royal_blue [0.17011129275653925]']
1490260 1491420 ['black [0.7734706221198157]', 'grey [0.17036578341013825]', 'royal_blue [0.05616359447004608]']
1491420 1492500 ['black [0.7416517857142857]', 'grey [0.1385846560846561]', 'royal_blue [0.1197635582010582]']
1492500 1495620 ['black [0.5325898508137432]', 'grey [0.29475926763110305]', 'royal_blue [0.1726508815551537]']
1495620 1502220 ['black [0.6847612810094098]', 'grey [0.1911334473909324]', 'royal_blue [0.12410527159965783]']
