1320820 1324500 ['black [0.8418531638198757]', 'grey [0.1130182453416149]']
1324500 1329700 ['black [0.8583224587912088]', 'grey [0.08316449175824175]', 'royal_blue [0.05851304945054945]']
1329700 1330740 ['black [0.8936710164835164]', 'grey [0.06287431318681319]']
1330740 1332820 ['black [0.821225103021978]', 'grey [0.12006353021978022]', 'royal_blue [0.058711366758241755]']
1332820 1335460 ['black [0.8407372835497835]', 'grey [0.10956777597402598]']
1335460 1337100 ['black [0.8850031887755102]', 'grey [0.08828975340136054]']
1337100 1341300 ['black [0.8298828125]', 'grey [0.123215573489011]']
1341300 1342900 ['black [0.8869787946428571]', 'grey [0.08782924107142857]']
1342900 1348540 ['black [0.8773396629778673]', 'grey [0.08621919014084507]']
1348540 1350740 ['black [0.90114666005291]', 'grey [0.0771577380952381]']
1350740 1352220 ['black [0.8793550281954887]', 'grey [0.0881531954887218]']
1352220 1354540 ['black [0.8859521243842364]', 'grey [0.0900631157635468]']
1354540 1356900 ['black [0.8554294950738917]', 'grey [0.11098907019704433]']
1356900 1360220 ['black [0.844904868197279]', 'grey [0.10599914965986394]']
1360220 1362220 ['black [0.8862705357142857]', 'grey [0.06941875]']
1362220 1364660 ['black [0.874578125]', 'grey [0.09621949404761905]']
1364660 1366140 ['black [0.8527091165413534]', 'grey [0.10371710526315789]']
1366140 1367620 ['black [0.8849255952380952]', 'grey [0.08773189484126984]']
1367620 1369940 ['black [0.8681904248768473]', 'grey [0.09828278940886699]']
1369940 1376300 ['black [0.7931696428571429]', 'grey [0.1366880580357143]', 'royal_blue [0.07014229910714286]']
1376300 1378100 ['black [0.9234172077922078]', 'grey [0.05958806818181818]']
1378100 1380140 ['black [0.7572673420329671]', 'grey [0.18117445054945056]', 'royal_blue [0.06155820741758242]']
1380140 1387660 ['black [0.8515031344984803]', 'grey [0.1030255034194529]']
1387660 1396220 ['black [0.67331608811749]', 'royal_blue [0.19324620327102804]', 'grey [0.13343770861148196]']
1396220 1402820 ['black [0.6412216898954703]', 'royal_blue [0.23013447299651568]', 'grey [0.12864383710801394]']
1402820 1405980 ['black [0.6704508928571429]', 'royal_blue [0.1878755580357143]', 'grey [0.14167354910714286]']
1405980 1411180 ['black [0.5932572115384616]', 'grey [0.29557520604395604]', 'royal_blue [0.11116758241758241]']
1411180 1429860 ['black [0.5307910216125077]', 'grey [0.3402328900980993]', 'royal_blue [0.128976088289393]']
1429860 1445060 ['black [0.5322100563909774]', 'grey [0.3057061795112782]', 'royal_blue [0.16208376409774436]']
1445060 1450220 ['black [0.5569529532967032]', 'grey [0.38987293956043956]', 'royal_blue [0.05317410714285714]']
1450220 1452100 ['black [0.7648156055900621]', 'grey [0.17708462732919256]', 'royal_blue [0.058099767080745345]']
1452100 1458660 ['black [0.6025816637630662]', 'grey [0.282562881097561]', 'royal_blue [0.11485545513937283]']
1458660 1460980 ['black [0.7718311268472906]', 'grey [0.17072275246305418]', 'royal_blue [0.05744612068965517]']
1460980 1462340 ['black [0.5590572478991597]', 'grey [0.30234112394957985]', 'royal_blue [0.1386016281512605]']
1462340 1464620 ['black [0.7303525246305419]', 'grey [0.19769473522167488]', 'royal_blue [0.07195274014778325]']
1464620 1471940 ['black [0.5739587421507064]', 'grey [0.30888000392464676]', 'royal_blue [0.11716125392464678]']
1471940 1474260 ['black [0.7438723830049261]', 'grey [0.20364839901477833]', 'royal_blue [0.05247921798029557]']
1474260 1476660 ['black [0.5081852678571429]', 'grey [0.3229441964285714]', 'royal_blue [0.1688705357142857]']
1476660 1478260 ['black [0.7312176339285714]', 'grey [0.20732142857142857]', 'royal_blue [0.0614609375]']
1478260 1480340 ['black [0.5530932348901099]', 'grey [0.36191449175824175]', 'royal_blue [0.08499227335164836]']
1480340 1481460 ['black [0.7615513392857143]', 'grey [0.18592952806122448]', 'royal_blue [0.052519132653061226]']
1481460 1482980 ['black [0.6031203007518797]', 'grey [0.20751644736842106]', 'royal_blue [0.18936325187969924]']
1482980 1484500 ['black [0.7621839755639098]', 'grey [0.18636748120300753]', 'royal_blue [0.051448543233082705]']
1484500 1485380 ['black [0.6102150974025974]', 'grey [0.20918628246753246]', 'royal_blue [0.18059862012987013]']
1485380 1487420 ['black [0.7371814903846153]', 'grey [0.20280477335164834]', 'royal_blue [0.06001373626373627]']
1487420 1490260 ['black [0.6211996173469387]', 'grey [0.2069515306122449]', 'royal_blue [0.17184885204081632]']
1490260 1491420 ['black [0.7770952380952381]', 'grey [0.16888988095238094]', 'royal_blue [0.05401488095238095]']
1491420 1492500 ['black [0.7500703983516483]', 'grey [0.13243990384615384]', 'royal_blue [0.1174896978021978]']
1492500 1495620 ['black [0.5302283653846154]', 'grey [0.29644059065934064]', 'royal_blue [0.17333104395604396]']
1495620 1502220 ['black [0.6854090469018933]', 'grey [0.19105851979345956]', 'royal_blue [0.12353243330464717]']
